{"id": "df", "size": [20, 30], "end_loc": [[2, 3], [5, 6]], "reward_config": [3, 4.4, 0.2], "drift_config": [3, 0.3], "reward": [[false, [3.89638295399871, 3.2239109651054614], false, [2.6817428325865125, 2.221254292397768], false, false, false, false, false, [4.11654909447204, 3.489259349312377], false, [2.0463425557039825, 2.5818110892522315], false, false, false, false, [3.7092719365123603, 1.6548512929197101], false, false, false, false, false, false, false, [3.2389152408343636, 3.887351780628628], false, false, false, false, false], [false, false, false, false, false, false, false, false, false, false, false, false, false, false, [1.8346461842610176, 3.25694833907235], false, false, false, false, false, false, false, [2.2035928592621996, 3.5383197181211097], false, [1.225649165785211, 3.413191124078022], false, false, false, false, false], [false, false, false, [2.129879375029148, 1.1316710316853107], [5.301855049955972, 2.2590085733506466], false, false, [3.4079091853592716, 3.992136769040668], [5.173865591778519, 2.279454068616181], false, [3.591810061601497, 4.2167406775448555], false, [0.9286820389497108, 2.5658235549144326], false, false, false, false, [3.153811015366688, 3.3378906760865625], false, false, false, false, false, [2.7237305191383197, 1.34989112624095], false, false, false, false, false, false], [false, false, false, [2.291565149534525, 2.4654468890007584], false, [3.4069332624472812, 3.636290835643975], [2.571811983594538, 2.967392722882332], false, [3.4654309048772327, 1.898813823683192], false, false, false, false, [4.009780727316359, 3.8452546742495493], false, false, false, false, false, false, false, [2.9260476346150375, 4.016174111983616], false, false, false, false, [4.67546702948199, 4.238602208499073], [0.9729670606557823, 2.816588280074198], false, false], [false, false, false, false, false, false, false, false, [4.205533652765965, 1.4037496237803575], [4.625539659046636, 1.147177790080303], false, false, [2.2124628319077875, 4.01391553199224], [2.757319383935735, 1.1090799401279727], false, false, [2.153819486827483, 2.0076707698028975], false, [2.46122988895406, 3.296127686406296], false, false, false, false, false, [2.1564909768319906, 1.954689862728455], false, [1.8868679798846233, 3.4534804861504615], [1.9757942882235773, 2.6822526475794017], false, [2.3881430103106274, 4.134069828939654]], [false, false, false, [2.8901663671348667, 4.022779587421871], false, false, false, false, false, false, [2.3676117758554707, 4.304894980741202], [2.6404299366816506, 4.227366273524503], false, false, [2.5146830741239308, 2.268673097396864], false, false, false, false, [4.175591093252723, 3.2651627455133645], false, false, false, [2.7045178687002953, 1.0866192106805568], [2.903652656459925, 2.522986887483449], false, false, false, false, [1.2542983498028977, 1.3409618670110182]], [false, [2.658961024452252, 2.9727052767880897], [2.4931684351507153, 1.8862211612059898], [2.8607970050374907, 1.523028789073018], false, false, [1.8560724223886391, 3.5951594173288646], false, [3.343805912218083, 3.718084659182659], false, [5.051553902923932, 1.8855292170600704], false, [4.067382885620496, 2.1957248599442627], false, false, false, [3.13746369086466, 1.5014950864330858], [2.6768812626173477, 1.9399863067776684], false, false, [1.8299674705700577, 4.226165851769409], [2.2171591601774026, 1.5527668159684658], false, false, false, false, [4.932715984011498, 1.376511350397728], false, [2.2830297054779725, 4.360680577693392], false], [false, false, false, false, false, [5.609072814649434, 1.1694900351223274], false, [3.819431370178731, 1.6843629098968607], [2.319279059685049, 4.353950649858724], false, false, false, false, false, false, false, false, false, false, false, [1.792933402704205, 1.7121274214276663], false, false, false, false, false, [3.263897454898903, 2.2162620734102174], false, [6.0215424579301065, 3.7642740739719134], false], [false, false, [2.5621049856026215, 2.080067195292588], [3.3263517652112236, 3.111396862418088], false, false, false, false, false, [2.014156606050387, 1.610073084543695], false, false, false, false, false, false, false, false, false, false, false, false, false, false, false, [1.906197615999491, 3.659306369985571], false, false, false, false], [false, false, false, false, false, false, false, false, false, false, false, false, false, false, [4.721346538952861, 2.9527667559207984], false, false, false, false, false, false, false, false, false, false, false, false, [2.2891996484621466, 4.053674732309705], [2.803983351969519, 1.7919557658534346], false], [false, false, false, false, [3.9106279665458374, 3.9202584049145695], [4.012772498828921, 3.246770905855931], false, false, false, false, false, false, [3.8105828069456105, 3.971441485690472], [2.89965297898927, 2.454990960587968], false, false, [3.540931887347009, 1.8085689971046848], [3.58919478577014, 4.017911760399681], false, false, false, false, false, false, [3.2577269989180806, 1.9797183654114483], false, false, false, false, false], [false, false, false, false, false, false, false, [2.5646795253063486, 3.2527980789617708], false, false, false, false, [3.758368790983077, 1.3829484313447895], false, false, [3.8166053964650324, 2.3844223618998353], false, [3.5789112651544412, 3.520516886959985], false, false, false, [1.538328078154626, 2.9292054223685127], false, false, false, false, false, false, [0.05302289953498507, 3.2832405508144706], false], [false, false, false, false, false, [2.977310200401875, 3.9106096296469155], false, false, false, false, false, false, false, false, [5.273552104038692, 1.020934023680336], [3.2045112381489527, 4.235979942091555], false, false, [1.6764491147106704, 4.205620787447919], false, false, false, false, false, false, [3.4603415328632545, 4.288515907165997], [3.7644187942890377, 1.4797448546499465], false, false, false], [false, [2.110937764837999, 3.9599367114819413], false, false, false, false, false, false, false, false, false, false, false, false, false, [2.086941796478561, 3.3787080709089814], false, [2.4002462527118698, 1.1515529628209777], [5.593921275503725, 3.6676979825502114], [2.544310754259663, 1.8339403199864415], [2.518247699448592, 3.6736135544569892], [1.460423162720719, 2.237932029913349], false, [3.479557466382519, 2.569919525311299], false, [3.9898067485061053, 1.045346186870887], false, false, false, false], [false, false, [4.095641034750964, 3.0520718094648185], false, false, false, [3.429940464570588, 3.118704168415993], [2.017648107688248, 2.1268971893597186], [2.9380443979459345, 3.783680899991011], [3.5188749156228702, 2.8487393317824106], false, false, [4.801982516306678, 3.5607318004001294], false, false, false, false, false, false, [5.210559205732121, 4.281137429199076], false, false, false, false, false, false, false, false, false, [3.4121897066048286, 2.389520909990613]], [false, false, [3.8717559199742686, 1.4216530914665948], false, false, false, [3.7303574283166228, 1.9736450901030511], false, false, false, false, false, [1.0298541154053955, 2.599879689089581], false, false, [2.130336034980184, 4.33676801895536], false, false, false, false, false, [1.9812010919121934, 4.083203565751529], false, false, false, false, false, [1.5115131431215245, 2.178755807655154], false, false], [false, [2.4070661783842873, 1.121995648292319], [2.371160952522456, 2.851271215376256], [2.422821061100792, 4.2744886121035455], false, false, false, [2.8836775970766606, 2.959065750895061], false, [2.5704776766961115, 1.6017932353539104], false, false, [1.954703602170756, 1.336138759505043], false, false, false, [3.53773881631682, 2.0865003381414056], [1.869939032424867, 1.2246471646556998], false, [4.026182999063147, 3.602045926975168], false, [3.4136564616465206, 1.0355880969621634], [4.083476001565657, 2.5183982688712887], false, false, false, [2.888781789221632, 2.9269685491519466], false, false, false], [[4.007306279318462, 2.955820970764502], false, false, false, [1.188266446819263, 1.0169765554669312], false, false, [3.137618842832005, 1.1758083645025277], [3.4834044340664816, 1.8735563580928667], false, false, false, [1.8155620610359646, 1.4031101626426365], false, false, false, [4.753545602665277, 3.325161477073914], false, [3.134278428700032, 3.830597643380987], false, false, false, false, [2.434394528949211, 3.2152927047972844], [2.693253695816443, 2.739843755439041], false, false, false, false, false], [[4.330064596830946, 3.8222343233762888], false, false, false, false, [2.54557762855732, 1.5280137002938563], false, false, false, false, false, [3.3403969141037537, 1.0289131651016774], false, false, [4.364473346871269, 3.7990005961820206], false, false, false, false, false, false, false, [2.3951455281758345, 3.4069761874603595], false, false, [3.285135437410621, 4.04175426146591], false, false, false, false], [false, false, false, false, false, [2.277335833526423, 3.805414936391415], false, [4.849461326775452, 3.9256238760487885], false, false, false, false, false, false, false, [2.775540190301656, 1.2228343640665869], false, false, false, false, false, [3.944010944323623, 1.336442632838966], [2.4349153178378478, 4.16452737991472], [3.8000145716405216, 3.8846186380690595], false, false, false, false, false, [3.5697282186010773, 1.0734771706261448]]], "drift": [[false, false, false, false, false, [[0.13309363600201346, 0.1164860330590648, 0.26668891542020806, 0.010910528531680326, 0.2261112935749161, 0.19304627039350553, 0.05366332301861177], [0.2358323406526249, 0.1629266280823281, 0.16665932400545938, 0.10041678572245151, 0.05923291652327085, 0.18016299854823897, 0.0947690064656263]], false, [[0.14849061283153642, 0.1970824482035089, 0.1761028660784511, 0.1920803653758598, 0.1996010320727807, 0.020280664886926283, 0.06636201055093677], [0.1939910521012418, 0.09525057501555816, 0.28488213105877436, 0.01537377790561692, 0.011343591768891556, 0.26597575968873133, 0.13318311246118594]], false, false, false, [[0.09553556567685158, 0.17176351259576314, 0.012075199628973897, 0.2263451186812599, 0.22685156767795933, 0.19768207820794237, 0.06974695753124993], [0.16656613438022894, 0.11594864396106958, 0.1524518279295434, 0.12505562126378142, 0.19986557076071634, 0.09111216254360444, 0.149000039161056]], [[0.17355300351974387, 0.1026067623329921, 0.024136909858760817, 0.19376754245036737, 0.16687998986236727, 0.18034201331252994, 0.15871377866323866], [0.030226545202077983, 0.16716068558258967, 0.17177429735572403, 0.19478858758263695, 0.18309253091311106, 0.1685284074237421, 0.08442894594011827]], false, false, [[0.14404125689247232, 0.029850846022132074, 0.05317211187803848, 0.012355627254537553, 0.4293712458774411, 0.250453572501774, 0.08075533957360434], [0.3070895678671843, 0.10118097775553846, 0.0974032911396189, 0.001908020936725789, 0.29615306424080645, 0.1892051980773672, 0.007059879982758964]], false, false, false, [[0.16579792793372522, 0.323247260531883, 0.01789897279982844, 0.11400537782347861, 0.1291803102126225, 0.15324291076894783, 0.09662723992951437], [0.028384252600023266, 0.2055773621867082, 0.12014817918490389, 0.22476286128128392, 0.17895304608067317, 0.10517410366442423, 0.13700019500198338]], [[0.1019086579357695, 0.11978050550443942, 0.16836434747219448, 0.06267003455472597, 0.10970976251810337, 0.20100552736268423, 0.2365611646520831], [0.12949113992452832, 0.08448970141124153, 0.1492134933995383, 0.22901035166494588, 0.11448457639690397, 0.09560431501927723, 0.19770642218356474]], false, [[0.02847817190491937, 0.047622112314465746, 0.10137000395261674, 0.24030846850718574, 0.1785103359804807, 0.1757320109834044, 0.2279788963569274], [0.049473966891623124, 0.2500979510545451, 0.0975884907944114, 0.1978117741544313, 0.07073887144440724, 0.21652816158871552, 0.11776078407186638]], [[0.21592769114974694, 0.16384677767502873, 0.11840174110561211, 0.0036012063241425097, 0.12294173266562944, 0.15028385013818715, 0.22499700094165326], [0.19399311042309553, 0.02803876837367625, 0.1970844845976952, 0.06712119217804971, 0.19787044563926498, 0.15515962978078685, 0.16073236900743146]], false, false, [[0.05133950696286704, 0.283571998708772, 0.021249191357972194, 0.18745482858350337, 0.2760578753989186, 0.10992320987931749, 0.0704033891086493], [0.13824418987783652, 0.3131071205631039, 0.03971125211053184, 0.20701000394945218, 0.13068586759160877, 0.10180284366526494, 0.06943872224220199]], false, [[0.1529181760052658, 0.173149994643636, 0.20806814356976355, 0.23644192213467358, 0.04893118181432925, 0.07493809982767125, 0.10555248200466058], [0.12965031493874296, 0.05809742910713034, 0.12856650047979729, 0.13252884904084777, 0.2367201191019082, 0.07881099904626998, 0.2356257882853034]], false], [false, [[0.18315755598200795, 0.1564387182526276, 0.03581956169170007, 0.23144475381074847, 0.25233871965649207, 0.0321595923662447, 0.10864109824017897], [0.20799605015990802, 0.18578094665501782, 0.039994700215106864, 0.14148914612608582, 0.24936923005736167, 0.09443647980098058, 0.08093344698553931]], false, false, false, [[0.08642725151088979, 0.03298916440156362, 0.18702247286256582, 0.24300404005920123, 0.11700053020373105, 0.09348283584623476, 0.24007370511581366], [0.27084202205463964, 0.059263211932819686, 0.11209866406347735, 0.08773515714786853, 0.1282324067823405, 0.2335402432151147, 0.10828829480373946]], false, false, false, false, false, [[0.11279451110791602, 0.12203618809755214, 0.1840874220769897, 0.12035824829480168, 0.022310696546427686, 0.20376397756858677, 0.23464895630772595], [0.10946889401320407, 0.26344725544639175, 0.058342258909434126, 0.04239658787329564, 0.12372516518985217, 0.20708362681721498, 0.19553621175060726]], [[0.14703895776582593, 0.10189397163953862, 0.2650063317073621, 0.0515412624013198, 0.09958571333676385, 0.23798048217655782, 0.09695328097263195], [0.11441036922055728, 0.000660001461327072, 0.14985383026523003, 0.21835801178092634, 0.07292616291434012, 0.2246433849050603, 0.21914823945255893]], false, [[0.24424420078169204, 0.13361305866371803, 0.08408040085112048, 0.13607237078533924, 0.14587824765742569, 0.04536656319967462, 0.21074515806102986], [0.17365797389668367, 0.05890783863930485, 0.14401492067269744, 0.1510127574872621, 0.07202203138824648, 0.2324955585856674, 0.16788891933013814]], false, false, false, false, false, false, [[0.15461525595073847, 0.20005300478293278, 0.016776730557408723, 0.183284335234772, 0.04007664127436258, 0.2136170581019692, 0.19157697409781627], [0.2185226153414839, 0.16763274640631018, 0.07867704897796787, 0.14305699521349644, 0.11982344565353813, 0.05688904849134474, 0.21539809991585862]], false, false, [[0.27072159301039783, 0.04180615828582156, 0.044839136927608644, 0.10731834182807, 0.05232787163312784, 0.31936736648108666, 0.16361953183388744], [0.2748752587689765, 0.13475830623972826, 0.22367975773263613, 0.0033843756563969266, 0.02213012713300689, 0.023998379783201892, 0.31717379468605333]], [[0.17674709455897775, 0.06516548300453644, 0.14185182040865607, 0.19937439222509845, 0.06736540063060462, 0.032118982315054556, 0.3173768268570723], [0.20209734471773766, 0.19514674375585983, 0.056766269905873586, 0.03843696643730842, 0.31048008961932705, 0.10297447006975961, 0.09409811549413369]], [[0.14656799079209062, 0.07178076702623287, 0.44064535600566135, 0.07950977996633533, 0.056396394934061025, 0.10390996527106117, 0.10118974600455764], [0.34080335899091807, 0.32177921839727996, 0.08283644682547846, 0.1427782275457584, 0.04652032226230233, 0.040121824026323825, 0.025160601951938883]], false, false, false], [false, false, [[0.01336887378351216, 0.12570392697287638, 0.053614041687461006, 0.08087356520877524, 0.16611202416341875, 0.2948908666254659, 0.2654367015584906], [0.1456047674538012, 0.15881409219919246, 0.17241027873270426, 0.10239315432984955, 0.17127719610051673, 0.17766748122383488, 0.0718330299601011]], false, false, false, false, [[0.19903504225385119, 0.19820912769453544, 0.06982405323664556, 0.05072879013770355, 0.2660840441124467, 0.025837829225830253, 0.1902811133389874], [0.16799372403624172, 0.2284238259839166, 0.07290501523687899, 0.12383223195926521, 0.217327871951627, 0.0515792955066736, 0.13793803532539672]], false, [[0.18053949571435096, 0.15964785125472603, 0.06435459099263079, 0.164226512167254, 0.10020182385944329, 0.131417460526559, 0.1996122654850359], [0.2629705400662897, 0.18367899990879874, 0.20375737970394248, 0.09900429437151625, 0.1050255160134092, 0.07225375685273941, 0.07330951308330415]], false, false, false, false, false, false, false, [[0.1288427355307658, 0.0895371882073018, 0.274391712958956, 0.0021248217921920574, 0.16428234180769585, 0.04000845124156596, 0.30081274846152256], [0.1795768145350113, 0.11546051986562005, 0.23260075470237712, 0.13207183827808797, 0.1704018015385367, 0.04100731722274743, 0.12888095385761927]], false, false, false, [[0.09199029918139687, 0.12497473366224233, 0.0556420035388272, 0.1192887454099264, 0.21407011158826905, 0.24300200051061432, 0.15103210610872383], [0.21407402304774975, 0.007484380202518728, 0.00782416463666816, 0.2382779165442804, 0.18476823392968827, 0.26400438101921353, 0.08356690061988106]], false, false, [[0.10543910192227142, 0.2712473043453642, 0.33275976968650006, 0.0009227417787119359, 0.023395028892969103, 0.15089180034361205, 0.11534425303057105], [0.002367061781569621, 0.13330426533212544, 0.1865431577781671, 0.32869930829485156, 0.31848266826262495, 0.026819946143393645, 0.003783592407267645]], false, false, false, false, false], [[[0.14337087083085087, 0.06841109784046444, 0.20415593914932978, 0.191904659564807, 0.18383663486583446, 0.08128988986520692, 0.1270309078835066], [0.20667059920543304, 0.08546467458090977, 0.12127959982947228, 0.09068928743733368, 0.19937749898308654, 0.07196254179328943, 0.22455579817047522]], false, false, false, false, false, [[0.16768175230576113, 0.14145539843237476, 0.11958854934975387, 0.1199663049756763, 0.16279849068855398, 0.06708649018309738, 0.22142301406478263], [0.2588162889771783, 0.1298205116748541, 0.025330230845687075, 0.17860532712426833, 0.17730276632089453, 0.13207498395764508, 0.0980498910994727]], false, false, [[0.059771290547232694, 0.20044616349232647, 0.19872023073584144, 0.1941142285379038, 0.004238486347903151, 0.16081118944145553, 0.18189841089733677], [0.12227025520275867, 0.15587052004876575, 0.20688142856397598, 0.08059283947671013, 0.10432918322678288, 0.2704833138646379, 0.059572459616368686]], [[0.0993949925921606, 0.0752038698350216, 0.11902227616515994, 0.04142994721620222, 0.33513248765217546, 0.3171948084705176, 0.012621618068762584], [0.17764561606680548, 0.09439487239551868, 0.008602397530560534, 0.10972463725883762, 0.22201158276225044, 0.22972863540731955, 0.15789225857870776]], false, false, false, false, [[0.1429518863102574, 0.04123389957352594, 0.11986924838332755, 0.1781530096859965, 0.19363159660462206, 0.13289646069982441, 0.19126389874244615], [0.11436585911534454, 0.058090927880914224, 0.04258592316962067, 0.19981295537384142, 0.19377938720718169, 0.09538568695231764, 0.29597926030077987]], false, false, [[0.02845842730443944, 0.20639362674073747, 0.10564033560420612, 0.19981340365313255, 0.01676857641194207, 0.04350330215816714, 0.3994223281273751], [0.20009159776203214, 0.18331208067089047, 0.20322814242278125, 0.09126967982979822, 0.1938533638303329, 0.06620589776713277, 0.062039237717032195]], false, false, false, false, [[0.008475681455304812, 0.19623687540181306, 0.18500160076777325, 0.22127484757314475, 0.15343723000022785, 0.16888993574179903, 0.06668382905993717], [0.14204633021040153, 0.1115657018361376, 0.2338605065846666, 0.08363814401428385, 0.07069831501774686, 0.19664377735194224, 0.16154722498482132]], false, false, false, [[0.02074592675106194, 0.2883328296425539, 0.27968760531239734, 0.16235302101252203, 0.10113694025198357, 0.1389669037478488, 0.008776773281632547], [0.258484626698391, 0.1825882099474739, 0.16148099834509339, 0.01781013087362338, 0.16669921499180435, 0.09225252388844629, 0.1206842952551677]], false, false], [[[0.0169384122638842, 0.2887911889518385, 0.0718360109668357, 0.28842164799935105, 0.05974695492446029, 0.13288084999252142, 0.14138493490110882], [0.1368820504589832, 0.0712109315348187, 0.27078361663663486, 0.1150259227040025, 0.002409870484160919, 0.22837959483269563, 0.1753080133487044]], [[0.1585696280133934, 0.15989249614535975, 0.2637785663931527, 0.08891024104353495, 0.05015013932876963, 0.1659157357517443, 0.11278319332404524], [0.03591830261232659, 0.2707255241892246, 0.1059727715158333, 0.03739116840965365, 0.053220868602561935, 0.11419833507778973, 0.3825730295926101]], false, [[0.1466361178013992, 0.21470449932177946, 0.10527675140582472, 0.08461380675420074, 0.17947419034561163, 0.07086952661348984, 0.19842510775769437], [0.04004619451258595, 0.13412234927112276, 0.001956713748302321, 0.10247154495129293, 0.27616003612006845, 0.1032001075888827, 0.3420430538077448]], false, false, false, false, false, [[0.03541241465368622, 0.19677078675320167, 0.025891500330237436, 0.2379288185904861, 0.15092379670244535, 0.23254248414391068, 0.12053019882603247], [0.2005561190615686, 0.1480040996395824, 0.07324730240568794, 0.005739154563653515, 0.15321534454238828, 0.2122087787595717, 0.20702920102754765]], false, [[0.08892348295937226, 0.2119362111855682, 0.11081804640205888, 0.182520927310148, 0.11244020013976505, 0.15333977285941716, 0.14002135914367056], [0.13034637783221248, 0.1381909123038933, 0.03434056077680546, 0.12093704312151378, 0.17690230527774792, 0.28567003911405114, 0.11361276157377584]], false, false, false, false, false, false, false, false, false, [[0.2710202115627739, 0.08682495576167461, 0.11750966308256676, 0.14788586197428463, 0.10967920336276861, 0.22153663089446407, 0.04554347336146743], [0.08480014605432726, 0.22911323214019438, 0.1961940163568204, 0.10694919960014482, 0.1629930624496159, 0.1201416588127434, 0.0998086845861539]], [[0.28636041623778996, 0.0936186914992701, 0.1153046737580864, 0.018329122654919473, 0.0824306924558713, 0.2899386673050217, 0.11401773608904113], [0.12473977704764146, 0.061109167716604865, 0.10179625845817777, 0.22559678267361533, 0.2620851286324636, 0.12101089891886666, 0.1036619865526305]], false, false, false, false, false, false, false], [[[0.15955741010104782, 0.250210693181105, 0.09555244935543986, 0.05128593779058367, 0.18516562513442622, 0.20554665490850263, 0.05268122952889485], [0.05861255668514125, 0.04514343714093516, 0.0787198691304842, 0.2532460757809205, 0.37100039367831067, 0.05377320897752674, 0.13950445860668148]], false, false, [[0.2549003882679272, 0.001032655343928853, 0.10699911662505415, 0.21195543594141958, 0.12894511563142708, 0.20058313293674998, 0.09558415525349326], [0.053033778710105006, 0.09193724271438876, 0.15479242800928297, 0.12020150457635663, 0.020196122017720457, 0.36554407957168766, 0.19429484440045852]], false, false, false, false, [[0.1924827003016404, 0.08208688124310788, 0.0265623060411974, 0.16126514796829292, 0.10551755811291938, 0.2263930337666587, 0.20569237256618342], [0.19829671797909418, 0.26933757198260994, 0.1418111945128617, 0.07485279322153543, 0.04900221572471931, 0.03254445403708435, 0.2341550525420952]], false, false, [[0.2619980683880163, 0.09849385400731056, 0.2008051027298738, 0.12465727627319054, 0.09257485727811147, 0.1818534925308315, 0.03961734879266584], [0.05703505629273383, 0.1602029029301847, 0.2425549273613918, 0.11685156940350883, 0.08341903148351404, 0.28718890764238614, 0.05274760488628057]], false, false, [[0.21818895914685857, 0.21744512858067166, 0.15332443971914483, 0.002036962313323112, 0.07410626043103341, 0.11766564312488159, 0.2172326066840869], [0.08768192283537353, 0.0022725713652589213, 0.17010072659715353, 0.2181626911450906, 0.09867929232800769, 0.2230895430894603, 0.2000132526396554]], [[0.1149086835964338, 0.17422978537851985, 0.06548883849234659, 0.1803376572666984, 0.13279682513926575, 0.174603322363382, 0.1576348877633534], [0.1040897153625276, 0.19584350912511309, 0.13030068459060057, 0.0029352644090504822, 0.20876311169588951, 0.19961120979182725, 0.15845650502499148]], false, false, false, false, [[0.26378773294552055, 0.09674826028565739, 0.020390769890025057, 0.19955273363551584, 0.20018520199018686, 0.14335719189210433, 0.07597810936099], [0.35219380064952394, 0.28025472026827863, 0.013919500163196014, 0.039622137747978875, 0.016380296648326347, 0.04517477234732866, 0.25245477217536755]], false, false, false, [[0.24131030560905137, 0.010136779803052403, 0.23871321110147614, 0.2563996749631795, 0.045628677973767906, 0.02738510775061433, 0.1804262427988583], [0.2380135528491557, 0.1286173613666082, 0.023665149829612365, 0.11273152624976145, 0.23564856639376433, 0.18244822466976388, 0.07887561864133406]], false, false, false, false, [[0.1935482755687558, 0.11557919530527609, 0.16473273922511697, 0.2359524105363621, 0.14681927048215396, 0.030865473620768868, 0.11250263526156619], [0.18434245535461896, 0.22012074437588752, 0.25214416504051973, 0.21131241549144247, 0.06381499499496003, 0.0377810365315787, 0.030484188210992674]]], [[[0.03895691174370705, 0.19856901004434827, 0.21444323764046241, 0.09322035566196187, 0.22504352992609075, 0.16654771912604038, 0.06321923585738956], [0.17230906857963582, 0.23142520820132992, 0.09921036586443803, 0.021598568803611936, 0.0047420056626716126, 0.03354084863629673, 0.4371739342520159]], false, false, false, [[0.1785261314575521, 0.03050994419008832, 0.1598686174872017, 0.24969336597164193, 0.1396886076454121, 0.16052875866888613, 0.08118457457921761], [0.012315663660508043, 0.18141790459497226, 0.18477543212032568, 0.07331535172979174, 0.24595420330112008, 0.10833599348907468, 0.1938854511042075]], false, false, false, [[0.1244635685615148, 0.2294132976157524, 0.3412711256905015, 0.1331286457228048, 0.05702701362970929, 0.0973808596226005, 0.017315489157116785], [0.05884526923544991, 0.09048636529825894, 0.1929920710869903, 0.08333999657403697, 0.1216734309056943, 0.15041001305715185, 0.30225285384241773]], [[0.12841032145588205, 0.07754141916577183, 0.04282853824573219, 0.2708587450268485, 0.08105652855809448, 0.1281567195044815, 0.27114772804318954], [0.03828674354785493, 0.10713324115091062, 0.311933252329924, 0.09494382069256618, 0.4252090791185266, 0.004463046581200416, 0.01803081657901723]], false, false, false, false, false, false, [[0.07388371750108914, 0.20923574016660143, 0.10719882860481979, 0.17042233464335033, 0.09549992135590807, 0.12161542914977805, 0.22214402857845314], [0.1903011997602038, 0.19794640573143174, 0.08318010218874036, 0.059550605864816426, 0.07149500051724833, 0.20322443599005327, 0.19430224994750625]], [[0.2525267743671111, 0.17403021036145097, 0.18202547382469952, 0.11351544268166797, 0.12787122747466392, 0.07308505734411413, 0.07694581394629248], [0.3246958497219672, 0.09191664618821878, 0.17422751433349526, 0.01918008863443609, 0.02756664779363113, 0.1571463906273426, 0.20526686270090905]], [[0.08658138933982157, 0.18096209284879905, 0.14357314949643638, 0.11959015087110701, 0.1398141940415468, 0.09428160898069211, 0.235197414421597], [0.161078769942691, 0.2772084257597001, 0.009252851674507163, 0.029214123075251244, 0.2344132956439562, 0.055715683983327116, 0.2331168499205673]], [[0.0655777715633192, 0.22319536968843942, 0.08937928691711443, 0.12144531817220239, 0.17239791144006067, 0.10101159668597351, 0.22699274553289056], [0.020189576510530122, 0.06300968531945089, 0.09732556801912651, 0.2972933030767358, 0.2648275767148296, 0.1274835306115823, 0.12987075974774498]], false, false, [[0.1202473944370978, 0.0839552995683816, 0.1343166614652076, 0.3008987832535963, 0.21598664214187968, 0.13569498223313775, 0.00890023690069913], [0.19421355429357742, 0.050908577064904974, 0.007599243252803872, 0.24717374078927154, 0.18103333753616976, 0.07331964378875674, 0.24575190327451563]], false, false, [[0.13897855453276395, 0.07873000978941605, 0.24473500238536322, 0.08580126013985254, 0.03673697629073528, 0.20539880603114583, 0.2096193908307231], [0.04160928618216007, 0.14488158079880034, 0.19471309198410477, 0.1966199827367357, 0.09510619587296423, 0.12236185775596832, 0.20470800466926645]], false, false, false, false], [false, [[0.3255857991058535, 0.18832648673282007, 0.0069727730636799665, 0.11173403317867395, 0.04435021266597262, 0.3121504901401099, 0.010880205112889986], [0.12234212114778088, 0.2380827619696654, 0.08014780412799906, 0.07387066774459015, 0.28435683404815393, 0.06906380283504249, 0.13213600812676818]], false, false, false, false, false, false, false, false, false, [[0.028312085173116407, 0.20506649328761534, 0.012221178265421913, 0.19432741047177318, 0.15423767053498094, 0.3487423988280684, 0.05709276343902391], [0.22353818963997657, 0.24741833993238535, 0.2317780468721269, 0.014026760416345232, 0.19902616114122682, 0.05658363891985431, 0.027628863078085014]], false, [[0.021632554543655216, 0.18691897604890087, 0.20234534264225884, 0.1059345998757189, 0.12606101876358755, 0.21926060483129212, 0.13784690329458646], [0.17388607441597592, 0.1938319228259186, 0.08639433788696013, 0.1259059579183315, 0.11309194523684703, 0.19034538825168373, 0.1165443734642831]], false, false, [[0.18341547202562983, 0.06580287863866455, 0.0847530521796677, 0.12925210673936915, 0.18231650479286196, 0.24173124707336835, 0.11272873855043841], [0.2406783086116798, 0.0829120865919412, 0.10048940617599937, 0.22774629219769907, 0.17860991130623946, 0.07214961612712759, 0.09741437898931363]], [[0.2261495382594801, 0.17166592239608983, 0.02372067887433523, 0.027929240633186508, 0.20869080461617237, 0.10849941962350038, 0.23334439559723574], [0.10211481297456944, 0.3044573734118164, 0.17041325322419937, 0.06682130394424841, 0.16081692562670116, 0.12240749399331996, 0.07296883682514532]], false, false, false, [[0.06338340971159272, 0.026959955294374133, 0.1454552489706362, 0.20911990363403907, 0.20265548351607612, 0.21894540341512506, 0.13348059545815674], [0.1748971669657838, 0.13731805404572067, 0.00374906869607833, 0.028553056745880115, 0.10502276149459623, 0.3758418919770801, 0.17461800007486084]], false, [[0.15754010109263467, 0.023527999304494326, 0.10601553411458356, 0.19240029280316504, 0.1667227174229719, 0.20125365223078384, 0.1525397030313667], [0.2258585365736758, 0.099597540089323, 0.08844779863924651, 0.16298322257412032, 0.09316312324628619, 0.17373001291167103, 0.15621976596567724]], [[0.19103051688455372, 0.07027320401180633, 0.16493301538599364, 0.11733446444115654, 0.07397480317784857, 0.1366059767211081, 0.24584801937753317], [0.3943242212662664, 0.018145215112407374, 0.19795612194492848, 0.22378887419995244, 0.018641574178194877, 0.054642422168152675, 0.09250157113009776]], [[0.1753343602406814, 0.1275529988189771, 0.04952381898105982, 0.1727192883604801, 0.17611556117366017, 0.14857548582729774, 0.15017848659784364], [0.1806532014676634, 0.1125611704401884, 0.11413648392198524, 0.17421148199006173, 0.06075556506151691, 0.19587635082911165, 0.16180574628947275]], false, false, false, [[0.29930538552047015, 0.14118696772519912, 0.07530724553773865, 0.06397512263806791, 0.024737590147085476, 0.21364148269002758, 0.181846205741411], [0.07494396453716838, 0.07985062817309696, 0.2445979575534837, 0.14913854781828625, 0.2553920700703009, 0.0585735279077851, 0.13750330393987864]]], [false, false, false, false, false, false, [[0.007340807548506928, 0.08442642378965111, 0.30682059033292, 0.0799835086668161, 0.08431382752703095, 0.2981896122535479, 0.13892522988152708], [0.20487818744188313, 0.16551135198270459, 0.1523331719429079, 0.15145284716550997, 0.059782269343507256, 0.207025341353202, 0.05901683077028519]], false, [[0.27520528245210196, 0.24614978593929485, 0.019256338325466762, 0.1752901816679257, 0.01846247030073899, 0.16716569412048357, 0.09847024719398817], [0.23455364430460512, 0.23557758564899817, 0.07177311518175049, 0.20581292271201934, 0.1706732989732629, 0.027701706467377768, 0.053907726711986334]], false, false, [[0.1749543466453421, 0.25081436600824003, 0.19012253093761247, 0.07560686545139844, 0.14253476488806582, 0.09921150539141306, 0.06675562067792812], [0.10156998987347453, 0.3568709271319704, 0.05367668037323077, 0.13957445859029985, 0.15157015321721817, 0.03627295723000769, 0.16046483358379862]], false, false, false, [[0.07848080422265429, 0.07790941976005614, 0.06778155579600256, 0.20960351252173792, 0.22242473536013613, 0.18868789419594517, 0.1551120781434677], [0.21093225966222598, 0.25547337416649796, 0.11577347589202702, 0.1471662700030701, 0.17852868427779636, 0.025953635580813532, 0.06617230041756907]], false, [[0.21375685141950032, 0.20515355609559777, 0.04706197032617799, 0.15588799947108725, 0.1356213079891817, 0.04299073535792077, 0.1995275793405342], [0.12216207295497565, 0.19665726195386013, 0.04751539212467587, 0.21687469498877043, 0.020810183154927005, 0.19543938162015115, 0.20054101320263976]], [[0.1318348833477243, 0.1915096423711681, 0.053751299350128866, 0.21222618666420437, 0.1210911767375666, 0.06662053637100422, 0.2229662751582036], [0.036198867294943406, 0.017540704576917216, 0.43337603090058774, 0.010516112826757292, 0.2716363574991135, 0.18815143105835974, 0.042580495843320895]], false, false, [[0.09707278365942663, 0.014727991456139993, 0.19366762273875612, 0.17150558540509997, 0.16113126443006073, 0.1797525651971355, 0.18214218711338104], [0.07742853215366532, 0.27989151966896453, 0.060217933477292686, 0.0017607864122974816, 0.2087506036616746, 0.18090378840538382, 0.19104683622072144]], [[0.1706818165618474, 0.09840464907333876, 0.03695418358140716, 0.1870671594616944, 0.10758251474530683, 0.230963222680069, 0.16834645389633646], [0.11421716257441566, 0.2325133734060398, 0.037138444054482245, 0.2394335383523489, 0.07348492631708375, 0.13557261569852114, 0.16763993959710843]], false, false, false, false, false, false, [[0.1028212136617794, 0.14230651843523467, 0.17895968485265976, 0.15812443253771796, 0.12297666515588795, 0.14758259595347437, 0.14722888940324574], [0.22836962743145345, 0.15803794065714613, 0.2563877810620748, 0.08438508621194504, 0.039493301387855374, 0.17539913495529227, 0.05792712829423302]]], [false, false, false, [[0.0033258392540244305, 0.09750296315646616, 0.05333796801906723, 0.4019621912206884, 0.029356375287374285, 0.25298331020542464, 0.16153135285695489], [0.18832558592847615, 0.001787630153270079, 0.2649510978036982, 0.19022723462720909, 0.031075167856964604, 0.0699211639487276, 0.2537121196816543]], false, false, false, false, false, [[0.1406093483206703, 0.0665842369317176, 0.09008996961219337, 0.2789337226396396, 0.08774628779724032, 0.17164798677451634, 0.16438844792402252], [0.29933660860470424, 0.05352486231870149, 0.032355939769292394, 0.07664098600860644, 0.1949795457580681, 0.16317807325057626, 0.17998398429005114]], false, [[0.15118189470496213, 0.01922002696400162, 0.2546636517491885, 0.19585728410278477, 0.16241224073117563, 0.004442084756524933, 0.21222281699136242], [0.2083166759302382, 0.191286817554891, 0.07193495307230953, 0.055966453511823916, 0.007469684625563845, 0.22838014686103425, 0.23664526844413922]], false, false, [[0.21716551072571533, 0.20727873722158305, 0.08686982706003347, 0.12157404144963922, 0.09171240669995243, 0.11007919486051107, 0.16532028198256538], [0.32302803136028957, 0.10206035522575688, 0.12181738576934807, 0.16755160681795606, 0.010655912728651651, 0.050546091679404395, 0.22434061641859343]], false, false, [[0.15393475293373285, 0.23838062791571737, 0.17776350724571452, 0.029176738211894086, 0.13054513975532933, 0.21492695560414415, 0.05527227833346764], [0.28490698659527786, 0.019362246211267944, 0.14471852245113848, 0.3799770689343955, 0.10626795986352985, 0.04653673287592707, 0.018230483068463303]], false, [[0.22015799010085518, 0.22129657143253453, 0.021420474487328114, 0.11070479198788127, 0.20397505484068687, 0.09363929298595566, 0.1288058241647583], [0.14368134206521607, 0.13371118516529668, 0.22439975399083167, 0.12240125595942801, 0.0652771233204164, 0.2107275048432716, 0.09980183465553957]], false, [[0.032818611829263274, 0.1968989225059755, 0.19391962438604818, 0.23946367167249072, 0.01845264954330217, 0.026822193880325702, 0.2916243261825945], [0.17966387725053612, 0.25136752029493403, 0.14570091763298704, 0.14833288603613737, 0.15400573363681197, 0.09640406976184912, 0.024524995386744304]], false, [[0.24462782821634904, 0.07580995110481543, 0.12864845787380028, 0.07943658117423211, 0.023767749162095814, 0.20408214968203822, 0.24362728278666906], [0.21544975674762804, 0.07417123364840296, 0.10886664167140948, 0.3289929049274251, 0.03216029295763111, 0.17245205738889086, 0.06790711265861255]], false, [[0.052470742076113006, 0.17357580129909686, 0.2432898165700045, 0.01679745561940414, 0.2103983958984453, 0.18411953454612423, 0.11934825399081198], [0.2146345313600149, 0.0488569730817802, 0.2967821121841675, 0.1768509232283308, 0.016949577339550086, 0.1928344997156055, 0.05309138309055101]], false, false, false, false], [[[0.09885923284406639, 0.2697395953298387, 0.10651648800037244, 0.14714416500458688, 0.10605965717592669, 0.06500194686966869, 0.20667891477554012], [0.10007697242398612, 0.2428193789231754, 0.13895490202459124, 0.13660298564066858, 0.05732320457040792, 0.11520032673085713, 0.20902222968631357]], false, [[0.14519292335978953, 0.1711356909071647, 0.09448028252333215, 0.15407151871380056, 0.14780400063048704, 0.1542795197453914, 0.13303606412003463], [0.11712114820171653, 0.10285056077744108, 0.02140617676631425, 0.20165943659217853, 0.2806042022107071, 0.06364987419186639, 0.2127086012597762]], false, false, false, [[0.08092042357557211, 0.25725029952291506, 0.22104094925800832, 0.0316571636253872, 0.06229202160354308, 0.08550673487417533, 0.26133240754039894], [0.20082782114867198, 0.1350346396384024, 0.09775597389034345, 0.2075245219402592, 0.03901203339522186, 0.16381825513837575, 0.15602675484872525]], false, [[0.07951450050942516, 0.07811003183538968, 0.03517372635133291, 0.07583845270045861, 0.18315489338579144, 0.2580237656358753, 0.290184629581727], [0.13409429983217952, 0.27339537699337546, 0.019330802444953773, 0.10051522043804643, 0.011182025937898516, 0.12365439112930156, 0.33782788322424473]], false, false, false, false, false, false, false, [[0.13371190794875454, 0.14077477411449654, 0.2582316833471613, 0.21201194882708224, 0.020717729530967864, 0.11793909665985629, 0.11661285957168116], [0.21915177905034944, 0.17291376200898734, 0.203038332281456, 0.14226935490675327, 0.07053077284692717, 0.07111239541758901, 0.1209836034879377]], false, false, false, false, false, [[0.03691972518995639, 0.18465665620589994, 0.16709132767894466, 0.14143409026197132, 0.15016220528211577, 0.2852158683441113, 0.03452012703700067], [0.138837729488522, 0.18029577138762218, 0.06186292504680892, 0.18689756477434416, 0.1286568034016737, 0.1080917550162114, 0.19535745088481773]], false, false, false, false, false, false, false], [false, false, false, [[0.12205068330639782, 0.1893437025220803, 0.10051691954866147, 0.24825604977206212, 0.23364776312095017, 0.10465436556772281, 0.0015305161621253416], [0.0486831255640482, 0.16286033842037528, 0.039494779393016, 0.21446032678325536, 0.20888463195525375, 0.1151138437290298, 0.21050295415502165]], [[0.2059696565052298, 0.13708528344540485, 0.22814361132499716, 0.01569443132368617, 0.0708643090767575, 0.13495431344698655, 0.20728839487693798], [0.16626478876780607, 0.16536073149121985, 0.11389874786813027, 0.14379623838875263, 0.11969542537318216, 0.14640008152567266, 0.14458398658523627]], false, [[0.19150047770255366, 0.18113150088536076, 0.2423332134902786, 0.11422035142534846, 0.024326348490037408, 0.2345395101781631, 0.011948597828257978], [0.2560668645528467, 0.058266261833825245, 0.29310877910600036, 0.00044022111450755597, 0.1621412927581151, 0.17372231638345426, 0.056254264251250734]], false, [[0.023366641703443235, 0.19004887807775986, 0.0981626036889682, 0.19471017682158087, 0.1